574
1  -8.410742106  40.187877260 -1.000000000 -0.000000000
2  -8.410611967  40.187781705 34.500000000 2.800000000
3  -8.410483522  40.187682094 34.500000000 2.800000000
4  -8.410346606  40.187575760 34.500000000 2.800000000
5  -8.410240439  40.187485593 30.750000000 2.800000000
6  -8.410125439  40.187384593 30.750000000 2.800000000
7  -8.410007106  40.187280593 30.750000000 2.800000000
8  -8.409885605  40.187175593 30.750000000 2.800000000
9  -8.409764772  40.187071926 30.750000000 2.800000000
10  -8.409640605  40.186970426 34.000000000 2.800000000
11  -8.409513438  40.186866259 34.000000000 2.800000000
12  -8.409383438  40.186757426 34.000000000 2.800000000
13  -8.409253938  40.186649093 34.000000000 2.800000000
14  -8.409123272  40.186540426 34.000000000 2.800000000
15  -8.408989771  40.186432092 29.000000000 2.800000000
16  -8.408857271  40.186326426 29.000000000 2.800000000
17  -8.408722771  40.186226259 29.000000000 2.800000000
18  -8.408587438  40.186130259 29.333333333 4.300000000
19  -8.408451938  40.186044425 30.500000000 3.000000000
20  -8.408310271  40.185968925 33.000000000 2.500000000
21  -8.408168604  40.185905592 33.000000000 2.500000000
22  -8.408025104  40.185855925 33.000000000 2.500000000
23  -8.407876604  40.185811425 33.000000000 2.500000000
24  -8.407733271  40.185774258 33.000000000 2.500000000
25  -8.407548271  40.185731591 31.800000000 2.500000000
26  -8.407359064  40.185721926 31.982044021 2.500000000
27  -8.407244072  40.185639134 30.089925310 1.726637374
28  -8.407136070  40.185537811 32.000000000 2.500000000
29  -8.407067169  40.185416673 31.961926158 2.500000000
30  -8.406992640  40.185287068 31.841284105 2.500000000
31  -8.406910379  40.185144925 31.800000000 2.500000000
32  -8.406790103  40.185059091 31.800000000 2.500000000
33  -8.406794739  40.184930220 32.409232668 2.731794555
34  -8.406733405  40.184829554 32.409232668 2.731794555
35  -8.406680615  40.184726315 34.779237523 3.148079483
36  -8.406621402  40.184621546 35.889618762 4.974039741
37  -8.406563723  40.184514868 34.810945512 6.125041533
38  -8.406514755  40.184406494 28.259184938 4.147712170
39  -8.406469685  40.184296033 23.148239426 2.672670637
40  -8.406425895  40.184188570 22.400000000 2.500000000
41  -8.406382505  40.184081935 22.400000000 2.500000000
42  -8.406226270  40.183971424 25.600000000 2.500000000
43  -8.406159270  40.183834257 24.500000000 3.100000000
44  -8.406107603  40.183710257 24.000000000 2.500000000
45  -8.406060936  40.183615090 24.000000000 2.500000000
46  -8.406038770  40.183519423 22.500000000 3.100000000
47  -8.405988270  40.183413257 24.000000000 2.500000000
48  -8.405940686  40.183308507 23.666666667 6.700000000
49  -8.405861186  40.183179173 32.000000000 3.100000000
50  -8.405796182  40.183125367 33.244129579 2.924345967
51  -8.405691128  40.183111310 34.457480601 3.100000000
52  -8.405544303  40.183186214 35.160483232 3.100000000
53  -8.405386205  40.183191608 34.752518770 3.075249690
54  -8.405263574  40.183271072 33.117658377 2.993913352
55  -8.405102013  40.183321034 30.339869930 2.859200200
56  -8.404958264  40.183374677 27.846741006 2.801651376
57  -8.404820018  40.183406869 27.844087701 2.804243274
58  -8.404699989  40.183411480 27.919736879 2.815852133
59  -8.404558047  40.183409973 28.361404893 2.764978774
60  -8.404424939  40.183455800 29.061058559 2.653840176
61  -8.404255731  40.183518649 29.400000000 2.600000000
62  -8.404130066  40.183551448 29.388052699 2.600000000
63  -8.404000344  40.183590488 29.298715986 2.600000000
64  -8.403873352  40.183629101 29.117783187 2.600000000
65  -8.403740153  40.183665507 29.007119900 2.600000000
66  -8.403595813  40.183701285 29.000000000 2.600000000
67  -8.403457666  40.183730689 30.766843494 2.600000000
68  -8.403288142  40.183764312 30.766843494 2.600000000
69  -8.403178865  40.183774360 33.400000000 2.600000000
70  -8.403069170  40.183754891 32.938568058 2.600000000
71  -8.402960816  40.183741881 32.292378706 2.600000000
72  -8.402933020  40.183716670 32.200000000 2.600000000
73  -8.402911568  40.183788907 32.351415171 2.600000000
74  -8.402873831  40.183889042 32.502830341 2.600000000
75  -8.402921143  40.183952776 31.206243076 2.600000000
76  -8.402994083  40.184081397 31.000358607 2.600000000
77  -8.402997598  40.184223631 30.297237069 2.600000000
78  -8.403073333  40.184335223 30.383375001 2.600000000
79  -8.403123200  40.184461692 32.563139762 2.600000000
80  -8.403227916  40.184572912 31.884044541 2.600000000
81  -8.403305347  40.184731613 31.557039600 2.600000000
82  -8.403375512  40.184883716 31.292960528 2.599892903
83  -8.403455346  40.185032837 31.091807324 2.599678708
84  -8.403498793  40.185194289 30.993511622 2.569441787
85  -8.403567310  40.185343176 31.282686308 2.445397518
86  -8.403638803  40.185488577 31.698538560 2.252917255
87  -8.403634531  40.185566728 32.495357069 1.975931664
88  -8.403507560  40.185618008 33.255437667 1.697037747
89  -8.403405062  40.185651997 33.382270849 1.600000000
90  -8.403303409  40.185678314 33.339832052 1.600000000
91  -8.403171707  40.185704548 33.333333333 1.600000000
92  -8.403031602  40.185734293 33.346618125 1.600000000
93  -8.402884801  40.185766283 33.492640298 1.600000000
94  -8.402740506  40.185797142 33.775305495 1.600000000
95  -8.402599286  40.185827888 33.962616655 1.600000000
96  -8.402462883  40.185858560 34.000000000 1.600000000
97  -8.402329687  40.185890347 33.941270129 1.600000000
98  -8.402196940  40.185925738 33.544390467 1.600000000
99  -8.402068620  40.185969717 32.782829858 1.600000000
100  -8.401947542  40.186026017 32.263042853 1.600000000
101  -8.401836464  40.186095160 32.166666667 1.600000000
102  -8.401750965  40.186180558 32.166666667 1.600000000
103  -8.401680610  40.186267562 31.613238406 1.600000000
104  -8.401661904  40.186366511 30.889952536 1.600000000
105  -8.401642288  40.186463185 30.166666667 1.600000000
106  -8.401662867  40.186557686 30.166666667 1.600000000
107  -8.401691917  40.186661603 30.222318260 1.600000000
108  -8.401746930  40.186740705 30.324096543 1.600000000
109  -8.401827597  40.186864337 30.855670836 1.600000000
110  -8.401825011  40.186958428 31.070568841 1.600000000
111  -8.401908909  40.186934370 30.758502588 1.600000000
112  -8.402032770  40.186920311 30.469889976 1.588721020
113  -8.402166849  40.186900600 29.575181199 1.526911590
114  -8.402320570  40.186862390 29.458134717 1.468829226
115  -8.402461663  40.186832121 29.830137918 1.403194951
116  -8.402598450  40.186798595 29.863104565 1.400927377
117  -8.402724801  40.186768061 30.045227094 1.429257548
118  -8.402849414  40.186738290 30.205809961 1.454237105
119  -8.402977963  40.186709270 30.020706577 1.425443245
120  -8.403113857  40.186678698 29.857142857 1.400000000
121  -8.403257686  40.186644740 29.467363329 1.400000000
122  -8.403406293  40.186611493 28.559153788 1.400000000
123  -8.403556511  40.186573025 28.040723776 1.400000000
124  -8.403706258  40.186535332 27.474709630 1.603446984
125  -8.403849643  40.186497619 27.675958169 1.565195398
127  -8.404131985  40.186436526 27.657479555 1.370207462
128  -8.404261998  40.186397690 27.827348652 1.290097032
129  -8.404361651  40.186361434 27.616079233 1.400000000
130  -8.404408517  40.186298566 28.819131189 1.400000000
131  -8.404322004  40.186227303 30.163830167 1.400000000
132  -8.404237746  40.186107358 32.314226183 1.400000000
133  -8.404174576  40.185956727 32.446221001 1.400000000
134  -8.404125265  40.185840996 31.880652641 1.400000000
135  -8.404063060  40.185690913 30.555809342 1.400000000
136  -8.404009710  40.185560901 30.083730889 1.400000000
137  -8.403953707  40.185424246 29.880817347 1.400000000
138  -8.403901056  40.185286278 29.817617924 1.400000000
139  -8.403837641  40.185134900 30.019185271 1.400000000
140  -8.403791463  40.185019528 30.583585586 1.400000000
141  -8.403715442  40.184874750 30.674558439 1.400000000
142  -8.403668008  40.184738457 30.625358337 1.401068702
143  -8.403671878  40.184657751 30.172909525 1.402409464
144  -8.403800060  40.184615149 29.868061018 1.400544119
145  -8.403874045  40.184584947 29.843215965 1.716836787
146  -8.404045884  40.184555443 29.814405322 2.372278929
147  -8.404221157  40.184525124 29.800000000 2.700000000
148  -8.404410888  40.184492052 29.196394259 2.700000000
149  -8.404598396  40.184450925 28.663060925 2.700000000
150  -8.404802997  40.184401877 28.200000000 2.700000000
151  -8.404956041  40.184362066 27.953777582 2.700000000
152  -8.405138964  40.184274579 27.026888791 2.700000000
153  -8.405324992  40.184217176 26.800000000 2.700000000
154  -8.405457404  40.184177885 26.800000000 2.700000000
155  -8.405588462  40.184151769 28.800000000 2.700000000
156  -8.405710384  40.184129090 28.800000000 2.700000000
157  -8.405831976  40.184102239 28.800000000 2.700000000
158  -8.405952405  40.184076218 28.800000000 2.700000000
159  -8.406071936  40.184050590 28.800000000 2.700000000
160  -8.406003814  40.183089822 30.885573466 2.118712893
161  -8.405899054  40.183109873 31.764918943 2.433702414
162  -8.406189437  40.184028924 28.000000000 2.700000000
163  -8.406303603  40.183996590 23.333333333 1.600000000
164  -8.406416270  40.183955924 23.333333333 1.600000000
165  -8.406544082  40.183929478 21.714285714 1.400000000
166  -8.406657099  40.183878384 22.390918094 1.400000000
167  -8.406776167  40.183841976 25.200181735 1.436264299
168  -8.406902809  40.183803385 27.975266837 1.806822768
169  -8.407034200  40.183776568 29.108860339 2.450975990
170  -8.407168266  40.183753341 29.600000000 2.780417521
171  -8.407303124  40.183729820 28.304612155 2.800000000
172  -8.407442019  40.183701937 26.704612155 2.800000000
173  -8.407586072  40.183668276 25.710713734 2.272265203
174  -8.407726609  40.183623778 24.796428020 1.572265203
175  -8.407930397  40.183597623 25.375089771 1.568768852
176  -8.407992543  40.183488081 25.375089771 1.568768852
177  -8.408055438  40.183400092 26.142857143 1.550000000
178  -8.408009087  40.183359180 27.494655276 2.936564673
179  -8.407953943  40.183247465 25.617831355 2.340584567
180  -8.407907715  40.183155166 23.741007433 1.744604460
181  -8.407853140  40.183040555 23.333333333 1.500000000
182  -8.407808798  40.182933195 23.272475000 1.792120001
183  -8.407733922  40.182808861 22.778475429 2.405072628
184  -8.407668054  40.182706304 22.345334192 2.725905252
185  -8.407685271  40.182615091 24.416666667 1.600000000
186  -8.407608192  40.182658413 28.500000000 1.600000000
187  -8.407461720  40.182667891 28.500000000 1.600000000
188  -8.407330078  40.182694452 29.562154050 1.600000000
189  -8.407188420  40.182736967 31.812154050 1.600000000
190  -8.407048758  40.182780917 33.000000000 1.600000000
191  -8.406911006  40.182824337 33.000000000 1.600000000
192  -8.406775556  40.182867106 33.000000000 1.600000000
193  -8.406645909  40.182906749 32.158678889 1.556375942
194  -8.406518908  40.182944682 30.230107460 1.456375942
195  -8.406392019  40.182981670 29.142857143 1.400000000
196  -8.406267883  40.183016921 29.142857143 1.400000000
197  -8.406141243  40.183052423 29.142857143 1.400000000
198  -8.404819769  40.183552256 29.600000000 2.300000000
199  -8.407169485  40.185781390 28.971638161 1.563318687
200  -8.404850602  40.183655089 27.666666667 2.100000000
201  -8.404905769  40.183751256 25.500000000 3.600000000
202  -8.404969436  40.183849756 23.600000000 3.200000000
203  -8.405039436  40.183990256 19.666666667 1.500000000
204  -8.405099102  40.184126423 19.666666667 1.500000000
205  -8.405142102  40.184270923 24.800000000 1.800000000
206  -8.405177269  40.184412089 22.833333333 1.700000000
207  -8.405227436  40.184529256 26.000000000 1.400000000
208  -8.405287769  40.184667923 26.000000000 1.400000000
209  -8.405335269  40.184774923 25.000000000 2.600000000
210  -8.405380436  40.184891506 26.000000000 1.400000000
211  -8.405434103  40.185040006 26.000000000 1.400000000
212  -8.405489269  40.185189923 27.714285714 1.400000000
213  -8.405545769  40.185330506 29.428571429 1.400000000
214  -8.405609436  40.185480840 29.428571429 1.400000000
215  -8.405677853  40.185636173 29.142857143 1.400000000
216  -8.405739353  40.185780628 29.142857143 1.400000000
217  -8.405798103  40.185906211 30.428571429 1.400000000
218  -8.405850020  40.185977567 29.558441558 1.400000000
219  -8.405899684  40.186010240 27.919642857 1.150000000
220  -8.406018746  40.186006383 27.714285714 1.400000000
221  -8.406159632  40.185971528 30.970602649 1.467061245
222  -8.406274632  40.185945362 30.970602649 1.467061245
223  -8.406401074  40.185918040 30.571428571 1.400000000
224  -8.406521989  40.185895169 28.165050988 1.400000000
225  -8.406656070  40.185873799 25.758673406 1.400000000
226  -8.406787205  40.185854601 24.000000000 1.400000000
227  -8.406964289  40.185836102 24.000000000 1.400000000
228  -8.407067854  40.185819233 25.926675506 1.400000000
229  -8.406504270  40.183997757 27.464285714 1.750000000
230  -8.408025271  40.183637425 21.800000000 3.000000000
231  -8.408123604  40.183685092 22.857142857 1.400000000
232  -8.408171271  40.183775425 22.857142857 1.400000000
233  -8.408213771  40.183877258 22.857142857 1.400000000
234  -8.408249938  40.183994092 22.833333333 2.100000000
235  -8.408286438  40.184098592 31.666666667 2.100000000
236  -8.408314938  40.184212758 32.750000000 3.300000000
237  -8.408328771  40.184320758 28.200000000 1.800000000
238  -8.408318938  40.184453092 28.400000000 1.800000000
239  -8.408283271  40.184520592 28.166666667 1.700000000
240  -8.408219271  40.184572758 28.166666667 1.700000000
241  -8.408116938  40.184599592 28.166666667 1.700000000
242  -8.407967507  40.184616738 25.863766764 1.400860425
243  -8.407804836  40.184628907 25.860454811 1.400430213
244  -8.407628820  40.184645252 25.857142857 1.400000000
245  -8.407452806  40.184672097 25.857142857 1.400000000
246  -8.407269132  40.184703270 25.857142857 1.400000000
247  -8.407097460  40.184737108 25.857142857 1.400000000
248  -8.406935270  40.184770091 30.666666667 1.700000000
250  -8.406784604  40.184802591 30.666666667 1.700000000
251  -8.406638604  40.184835924 29.400000000 3.100000000
252  -8.406495937  40.184869091 29.400000000 3.100000000
253  -8.406345603  40.184903257 29.400000000 3.100000000
254  -8.406193103  40.184936257 28.400000000 3.100000000
255  -8.406037770  40.184970424 28.400000000 3.100000000
256  -8.405884936  40.185007923 28.400000000 3.100000000
257  -8.405741936  40.185044257 28.400000000 3.100000000
258  -8.405604769  40.185083090 21.285714286 1.400000000
259  -8.405470769  40.185113923 29.142857143 1.400000000
260  -8.405333436  40.185142756 29.142857143 1.400000000
261  -8.405185269  40.185175423 29.142857143 1.400000000
262  -8.405030269  40.185208756 29.142857143 1.400000000
263  -8.404873436  40.185246589 30.166666667 1.600000000
264  -8.404719936  40.185282256 29.166666667 1.600000000
265  -8.404567435  40.185321089 29.166666667 1.600000000
266  -8.404415435  40.185359756 29.166666667 1.600000000
267  -8.404220269  40.185408422 29.166666667 1.600000000
268  -8.404023897  40.185447063 28.571428571 1.400000000
269  -8.403847647  40.185483313 30.428571429 1.400000000
270  -8.403614054  40.184552425 29.912213812 1.431473205
271  -8.403571476  40.184506129 29.724803040 1.475740884
272  -8.403303595  40.184539166 32.316541055 2.050000000
273  -8.403477289  40.184459717 30.161119864 1.482916756
274  -8.403366626  40.184485574 31.227289773 1.495046314
275  -8.403808618  40.185547500 32.331644052 1.672278059
276  -8.403908986  40.185548549 32.428571429 1.500000000
277  -8.404056852  40.185530255 26.428571429 1.500000000
278  -8.404238602  40.185497172 26.428571429 1.500000000
279  -8.404384102  40.185463756 26.428571429 1.500000000
280  -8.404532102  40.185427922 24.000000000 2.100000000
281  -8.404675769  40.185391256 24.000000000 2.100000000
282  -8.404818602  40.185355423 24.000000000 2.100000000
283  -8.404960436  40.185321923 24.000000000 2.100000000
284  -8.405100269  40.185287589 24.000000000 2.100000000
285  -8.405236936  40.185252590 28.000000000 2.100000000
286  -8.405369269  40.185217090 28.000000000 2.100000000
287  -8.405491603  40.185188256 28.000000000 2.100000000
288  -8.405610103  40.185158756 28.000000000 2.100000000
289  -8.405728436  40.185131257 28.428571429 1.500000000
290  -8.405853603  40.185097590 26.166666667 1.700000000
291  -8.405985270  40.185062757 27.200000000 3.400000000
292  -8.406121603  40.185024424 27.200000000 3.400000000
293  -8.406257603  40.184985090 27.200000000 3.400000000
294  -8.406397937  40.184941924 27.200000000 3.400000000
295  -8.406533937  40.184901091 27.800000000 3.400000000
296  -8.406699104  40.184852591 27.800000000 3.400000000
297  -8.406856104  40.184810591 27.500000000 1.700000000
298  -8.406987437  40.184785091 27.666666667 1.700000000
299  -8.407124270  40.184760091 27.666666667 1.700000000
300  -8.407268771  40.184732424 23.714285714 1.500000000
301  -8.407421604  40.184701258 23.714285714 1.500000000
302  -8.407575771  40.184673925 23.714285714 1.500000000
303  -8.407729438  40.184645758 27.285714286 1.500000000
304  -8.407878604  40.184615092 27.285714286 1.500000000
305  -8.408028521  40.184582925 27.285714286 1.500000000
306  -8.408161563  40.184548675 26.500000000 1.700000000
307  -8.408317146  40.184503842 26.166666667 1.700000000
308  -8.408382438  40.184462592 26.000000000 1.700000000
309  -8.408399563  40.184391842 25.400000000 1.700000000
310  -8.408370646  40.184287342 25.500000000 3.600000000
311  -8.408335771  40.184191925 20.400000000 3.400000000
312  -8.408294771  40.184076092 30.600000000 3.400000000
313  -8.408257104  40.183970925 30.600000000 3.400000000
314  -8.408219938  40.183869175 30.600000000 3.400000000
315  -8.408192938  40.183769342 29.833333333 2.100000000
316  -8.408156271  40.183679758 29.071428571 1.500000000
317  -8.403112796  40.184066838 31.633928571 1.000000000
318  -8.403240435  40.184048921 32.142857143 1.100000000
319  -8.403695435  40.185644422 32.125000000 0.900000000
320  -8.404000913  40.186454573 27.767343131 1.448575637
321  -8.403734935  40.185746422 32.125000000 0.900000000
322  -8.403777768  40.185852755 31.250000000 0.900000000
323  -8.403822935  40.185962922 31.250000000 0.900000000
324  -8.403868102  40.186073422 31.250000000 0.900000000
325  -8.403913518  40.186187838 31.250000000 0.900000000
326  -8.403959185  40.186288422 31.250000000 0.900000000
327  -8.404424250  40.186405729 28.413674326 1.095048516
328  -8.403812824  40.184458727 31.800000000 4.000000000
329  -8.403698722  40.184481395 30.770715162 2.732016282
330  -8.404555205  40.186363769 29.000000000 0.900000000
331  -8.404708402  40.186329042 26.260715027 0.930002076
332  -8.404868423  40.186294179 26.259576643 0.926814601
333  -8.405032445  40.186256150 26.258438259 0.923627126
334  -8.405194626  40.186218218 26.250000000 0.900000000
335  -8.405352263  40.186179346 27.023228149 0.900000000
336  -8.405507734  40.186139807 27.796456299 0.900000000
337  -8.405645890  40.186107996 28.125000000 0.900000000
338  -8.405801390  40.186053496 28.125000000 0.900000000
340  -8.405882770  40.185942757 30.750000000 0.900000000
341  -8.405856770  40.185867423 30.750000000 0.900000000
342  -8.405800603  40.185748590 30.750000000 0.900000000
343  -8.405760103  40.185659923 30.750000000 0.900000000
344  -8.405716103  40.185557757 31.375000000 0.900000000
345  -8.405673769  40.185458090 31.375000000 0.900000000
346  -8.405614603  40.185315090 31.375000000 0.900000000
347  -8.405561436  40.185181423 29.571428571 1.500000000
348  -8.405507436  40.185043923 29.571428571 1.500000000
349  -8.405454269  40.184906256 30.200000000 5.800000000
350  -8.405414769  40.184799923 25.833333333 1.500000000
351  -8.405372519  40.184690006 25.833333333 1.500000000
352  -8.405316852  40.184546756 23.285714286 1.100000000
353  -8.405259519  40.184419090 28.357142857 1.000000000
354  -8.405193269  40.184328589 25.000000000 1.000000000
355  -8.405094352  40.184297756 23.428571429 1.000000000
356  -8.404927686  40.184298756 24.166666667 1.100000000
357  -8.404745352  40.184321173 30.000000000 1.100000000
358  -8.404547769  40.184348922 30.000000000 1.100000000
359  -8.404353602  40.184378589 29.333333333 1.100000000
360  -8.404166269  40.184407422 32.400000000 3.900000000
361  -8.403981491  40.184436811 32.400000000 3.900000000
362  -8.401865767  40.187076920 27.875000000 0.900000000
363  -8.401993434  40.187051920 28.000000000 0.900000000
364  -8.401890267  40.187177087 27.875000000 0.900000000
365  -8.401905767  40.187287587 27.875000000 0.900000000
366  -8.401912934  40.187404920 30.375000000 0.900000000
367  -8.401906434  40.187531920 30.375000000 0.900000000
368  -8.401885934  40.187667087 30.375000000 0.900000000
369  -8.401851434  40.187811920 30.375000000 0.900000000
370  -8.401810934  40.187962587 30.375000000 0.900000000
371  -8.401765600  40.188117087 28.500000000 0.900000000
372  -8.401718600  40.188274920 28.500000000 0.900000000
373  -8.401672934  40.188431087 28.500000000 0.900000000
374  -8.401626600  40.188586253 28.500000000 0.900000000
375  -8.401581267  40.188739087 28.500000000 0.900000000
376  -8.401535767  40.188892253 29.375000000 0.900000000
377  -8.401489767  40.189044420 29.375000000 0.900000000
378  -8.401444100  40.189194920 29.375000000 0.900000000
379  -8.401401100  40.189340587 29.375000000 0.900000000
380  -8.401361267  40.189483420 29.375000000 0.900000000
381  -8.401328767  40.189621586 29.750000000 0.900000000
382  -8.401307100  40.189754586 29.750000000 0.900000000
383  -8.401299933  40.189882086 29.750000000 0.900000000
384  -8.401302100  40.190007086 29.750000000 0.900000000
385  -8.401306267  40.190117920 29.750000000 0.900000000
386  -8.401287100  40.190250753 26.500000000 0.900000000
387  -8.401214433  40.190317420 26.500000000 0.900000000
388  -8.401115600  40.190350920 26.500000000 0.900000000
389  -8.400948766  40.190367586 31.428571429 1.100000000
390  -8.400841933  40.190353253 30.750000000 0.900000000
391  -8.400749766  40.190325919 30.750000000 0.900000000
392  -8.400675599  40.190275253 30.750000000 0.900000000
393  -8.400608099  40.190209086 30.125000000 0.900000000
394  -8.400521266  40.190098753 30.125000000 0.900000000
395  -8.400415432  40.190006419 30.125000000 0.900000000
396  -8.400328766  40.189964252 29.625000000 0.900000000
397  -8.400242933  40.189955252 29.625000000 0.900000000
398  -8.400171432  40.189979586 29.625000000 0.900000000
399  -8.400116099  40.190036086 29.625000000 0.900000000
400  -8.400099099  40.190110252 29.625000000 0.900000000
401  -8.400125099  40.190186086 27.125000000 0.900000000
402  -8.400204266  40.190246086 27.125000000 0.900000000
403  -8.400326932  40.190293919 27.125000000 0.900000000
404  -8.400466766  40.190316086 27.125000000 0.900000000
405  -8.400665933  40.190350919 29.000000000 0.900000000
406  -8.400866600  40.190370420 29.000000000 0.900000000
407  -8.401072100  40.190358682 29.000000000 0.900000000
408  -8.401251933  40.190321015 28.750000000 0.900000000
409  -8.401402433  40.190274658 26.941326531 0.928571429
410  -8.401455767  40.190210348 27.000000000 0.900000000
411  -8.401454267  40.190127015 27.000000000 0.900000000
412  -8.401421600  40.190037087 27.000000000 0.900000000
413  -8.401389433  40.189934087 29.571428571 1.100000000
414  -8.401370433  40.189819087 29.571428571 1.100000000
415  -8.401371933  40.189692587 29.571428571 1.100000000
416  -8.401392767  40.189552920 29.125000000 0.900000000
417  -8.401429600  40.189408753 29.125000000 0.900000000
418  -8.401473433  40.189259753 29.375000000 0.900000000
419  -8.401519267  40.189109420 29.375000000 0.900000000
420  -8.401565100  40.188959920 29.375000000 0.900000000
421  -8.401608767  40.188812087 29.375000000 0.900000000
422  -8.401650934  40.188666920 29.375000000 0.900000000
423  -8.401692600  40.188524253 28.000000000 0.900000000
424  -8.401733100  40.188382087 28.000000000 0.900000000
425  -8.401774434  40.188240253 28.000000000 0.900000000
426  -8.401814934  40.188097420 28.000000000 0.900000000
427  -8.401856100  40.187955420 28.000000000 0.900000000
428  -8.401895934  40.187812420 27.750000000 0.900000000
429  -8.401931767  40.187670420 27.750000000 0.900000000
430  -8.401958600  40.187528920 27.750000000 0.900000000
431  -8.401975267  40.187391254 27.750000000 0.900000000
432  -8.401980767  40.187264420 27.750000000 0.900000000
433  -8.401984100  40.187150920 28.000000000 0.900000000
434  -8.407164729  40.185698091 32.250000000 0.900000000
435  -8.404672936  40.186257922 30.250000000 0.900000000
436  -8.404536660  40.186280118 29.469525200 1.172727247
437  -8.407072562  40.185690091 32.250000000 0.900000000
438  -8.406925937  40.185701424 32.250000000 0.900000000
439  -8.406768104  40.185736091 32.250000000 0.900000000
440  -8.406608604  40.185774257 32.250000000 0.900000000
441  -8.406445937  40.185816424 31.000000000 0.900000000
442  -8.406281770  40.185858424 31.000000000 0.900000000
443  -8.406117770  40.185903757 31.000000000 0.900000000
444  -8.405959436  40.185944590 31.000000000 0.900000000
445  -8.405802436  40.185985257 31.000000000 0.900000000
446  -8.405645436  40.186024423 30.000000000 0.900000000
447  -8.405483769  40.186064423 30.000000000 0.900000000
448  -8.405318603  40.186105256 30.000000000 0.900000000
449  -8.405151436  40.186145090 30.000000000 0.900000000
450  -8.404987936  40.186184589 30.000000000 0.900000000
451  -8.404830602  40.186221589 30.250000000 0.900000000
452  -8.403159522  40.184566068 31.305883123 1.684615325
453  -8.403079351  40.184560588 30.375000000 0.900000000
454  -8.402901184  40.184549254 29.562500000 0.900000000
455  -8.402726934  40.184536088 28.750000000 0.900000000
456  -8.402553434  40.184522504 28.750000000 0.900000000
457  -8.402382045  40.184509310 31.000000000 0.900000000
458  -8.402221175  40.184497624 31.000000000 0.900000000
459  -8.402034045  40.184472809 30.000000000 0.900000000
460  -8.403584196  40.184948124 30.868280228 1.956993664
461  -8.405165602  40.184070256 21.285714286 1.000000000
462  -8.404966741  40.183562200 19.833333333 1.300000000
463  -8.404909618  40.183480604 24.029442991 2.087936996
464  -8.405106102  40.183936256 22.571428571 1.100000000
465  -8.405075269  40.183837423 22.571428571 1.100000000
466  -8.405042102  40.183741089 22.166666667 1.300000000
467  -8.405009352  40.183652423 19.833333333 1.300000000
468  -8.403247934  40.183680338 30.285714286 1.100000000
469  -8.403202434  40.183602005 29.071428571 1.100000000
470  -8.403162184  40.183489588 25.750000000 1.000000000
471  -8.403134934  40.183382838 25.750000000 1.000000000
472  -8.403137351  40.183300421 29.000000000 1.000000000
473  -8.403188351  40.183227588 29.000000000 1.000000000
474  -8.403280268  40.183182755 29.000000000 1.000000000
475  -8.403448351  40.183139255 30.250000000 1.000000000
476  -8.403586601  40.183114255 30.250000000 1.000000000
477  -8.403731602  40.183090088 30.250000000 1.000000000
478  -8.403872935  40.183067422 30.250000000 1.000000000
479  -8.404014268  40.183045589 26.750000000 1.000000000
480  -8.404159102  40.183022922 27.285714286 1.000000000
481  -8.404308769  40.183002089 27.285714286 1.000000000
482  -8.404463102  40.182980089 27.285714286 1.000000000
483  -8.404621602  40.182957922 26.750000000 1.000000000
484  -8.404783602  40.182933923 26.000000000 1.000000000
485  -8.404950602  40.182910256 26.000000000 1.000000000
486  -8.405118936  40.182888756 26.000000000 1.000000000
487  -8.405289603  40.182869590 26.000000000 1.000000000
488  -8.405460103  40.182851923 26.000000000 1.000000000
489  -8.405628936  40.182833757 30.625000000 1.000000000
490  -8.405796603  40.182815757 30.625000000 1.000000000
491  -8.405964436  40.182797590 30.625000000 1.000000000
492  -8.406131770  40.182780257 30.625000000 1.000000000
493  -8.406296603  40.182762257 30.625000000 1.000000000
494  -8.406459437  40.182744424 31.250000000 1.000000000
495  -8.406618937  40.182727924 31.250000000 1.000000000
496  -8.406777604  40.182712257 31.250000000 1.000000000
497  -8.406937270  40.182700424 31.250000000 1.000000000
498  -8.407098770  40.182690758 31.250000000 1.000000000
499  -8.407255771  40.182684758 24.000000000 1.000000000
500  -8.407409771  40.182679925 24.000000000 1.000000000
501  -8.407563104  40.182674758 26.000000000 1.200000000
502  -8.407717271  40.182667925 24.000000000 1.000000000
503  -8.407869604  40.182663258 24.000000000 1.000000000
504  -8.408026271  40.182659592 24.500000000 1.000000000
505  -8.408185104  40.182660425 24.500000000 1.000000000
506  -8.408348605  40.182664092 25.428571429 1.100000000
507  -8.408517271  40.182668092 24.500000000 1.000000000
508  -8.408690438  40.182674092 24.500000000 1.000000000
509  -8.408872438  40.182680426 27.250000000 1.000000000
510  -8.409058938  40.182686759 27.250000000 1.000000000
511  -8.409252272  40.182695259 27.250000000 1.000000000
512  -8.409449939  40.182706093 27.250000000 1.000000000
513  -8.409654939  40.182717926 27.250000000 1.000000000
514  -8.409862939  40.182731260 30.500000000 1.000000000
515  -8.410071439  40.182745927 30.500000000 1.000000000
516  -8.410277606  40.182761260 30.500000000 1.000000000
517  -8.410479773  40.182778260 30.500000000 1.000000000
518  -8.410679273  40.182796760 30.500000000 1.000000000
519  -8.410873606  40.182817594 31.000000000 1.000000000
520  -8.411062106  40.182838761 31.000000000 1.000000000
521  -8.411238106  40.182859594 31.000000000 1.000000000
522  -8.411394773  40.182879094 31.000000000 1.000000000
523  -8.411526357  40.182898344 32.428571429 1.000000000
524  -8.411624357  40.182923011 31.142857143 1.000000000
525  -8.411691107  40.182975594 30.000000000 1.000000000
526  -8.411707690  40.183049011 30.000000000 1.000000000
527  -8.411704857  40.183179511 28.250000000 1.000000000
528  -8.411696607  40.183290428 28.250000000 1.000000000
529  -8.411689940  40.183412261 28.250000000 1.000000000
530  -8.411684773  40.183533261 28.250000000 1.000000000
531  -8.411679273  40.183657761 28.250000000 1.000000000
532  -8.411677107  40.183779594 27.875000000 1.000000000
533  -8.411672440  40.183903094 27.875000000 1.000000000
534  -8.411668273  40.184023428 27.875000000 1.000000000
535  -8.411663607  40.184136261 27.875000000 1.000000000
536  -8.411658773  40.184248094 27.875000000 1.000000000
537  -8.411652607  40.184352428 23.875000000 1.000000000
538  -8.411637607  40.184504094 23.875000000 1.000000000
539  -8.411634107  40.184641094 24.571428571 1.000000000
540  -8.411630773  40.184798261 25.875000000 1.000000000
541  -8.411633773  40.184957928 25.875000000 1.000000000
542  -8.411633440  40.185122928 25.250000000 1.000000000
543  -8.411638440  40.185276928 25.250000000 1.000000000
544  -8.411641940  40.185432094 26.142857143 1.000000000
545  -8.411642773  40.185589761 24.250000000 1.000000000
546  -8.411636357  40.185747178 24.250000000 1.000000000
547  -8.411632273  40.185896428 25.750000000 1.000000000
548  -8.411628023  40.186039344 25.750000000 1.000000000
549  -8.411636273  40.186164678 26.500000000 1.000000000
550  -8.411658190  40.186241094 27.062500000 1.000000000
551  -8.411719190  40.186311178 27.625000000 1.000000000
552  -8.411812190  40.186349095 27.625000000 1.000000000
553  -8.411960857  40.186380095 27.714285714 1.100000000
554  -8.412084274  40.186379928 28.500000000 1.300000000
555  -8.412214441  40.186376928 28.500000000 1.300000000
556  -8.412343941  40.186371262 28.500000000 1.300000000
557  -8.412471441  40.186369928 31.400000000 1.900000000
558  -8.412597941  40.186370428 29.600000000 1.900000000
559  -8.412730941  40.186371429 29.600000000 1.900000000
560  -8.412868608  40.186373429 29.600000000 1.900000000
561  -8.413054108  40.186374345 29.600000000 1.900000000
562  -8.413216275  40.186364346 24.833333333 1.300000000
563  -8.413334775  40.186334596 24.571428571 1.100000000
564  -8.413468441  40.186278679 29.142857143 1.100000000
565  -8.413580441  40.186256679 25.500000000 1.000000000
566  -8.413770608  40.186244096 25.500000000 1.000000000
567  -8.413974108  40.186244263 26.875000000 1.000000000
568  -8.414188942  40.186245096 26.875000000 1.000000000
569  -8.414378942  40.186246430 26.875000000 1.000000000
570  -8.414581942  40.186245097 26.428571429 1.200000000
571  -8.414753776  40.186243930 26.428571429 1.200000000
572  -8.414937442  40.186239097 28.857142857 1.200000000
573  -8.415123276  40.186235264 28.000000000 1.000000000
574  -8.415323609  40.186232097 27.428571429 1.100000000
575  -8.415536359  40.186229514 27.428571429 1.100000000
576  -8.415758915  40.186222403 27.428571429 1.100000000
577  -8.415960443  40.186213097 27.428571429 1.100000000
585
1  2 7.668578801 1
2  3 7.775045051 1
3  4 8.293887173 1
4  5 13.485065947 1
5  6 14.883554569 1
6  7 15.321031661 1
7  8 15.582461260 1
8  9 15.434209878 1
9  10 15.448519586 1
10  11 15.839140633 1
11  12 16.383090805 1
12  13 16.313428841 1
13  14 16.407900519 1
14  15 16.545472208 1
15  16 16.272507164 1
16  17 15.959859584 1
17  18 15.693211324 1
18  19 14.960895798 1
19  20 14.685914335 1
20  21 13.959424448 1
21  22 13.402532123 1
22  23 13.572575911 1
23  24 12.880570019 1
24  25 8.222912208 1
25  26 7.373571541 1
26  27 3.549051724 2
27  28 3.297325265 2
28  29 3.653571852 2
29  30 3.988041890 2
30  31 4.332490926 2
31  32 6.469372277 2
32  33 12.844129624 1
33  34 6.166751100 2
34  35 12.646472405 1
35  36 6.355462541 2
36  37 6.504655150 2
37  38 6.486775638 2
38  39 6.387351716 2
39  40 6.171563704 2
40  41 6.205284567 2
41  42 8.006259100 1
42  43 5.419501324 1
43  44 7.224705855 1
44  45 11.285646506 1
45  46 10.785119172 1
46  47 12.543964539 1
47  48 12.312447906 1
48  49 7.935555497 1
49  50 4.621096593 1
50  51 3.098346194 3
51  52 4.208446641 3
52  53 3.438473650 4
53  54 7.924078601 2
54  55 4.789361311 3
55  56 4.464217626 3
56  57 2.966759295 4
57  58 3.685248829 3
58  59 3.747451510 3
59  60 5.550977660 2
60  61 2.670604454 3
61  62 3.790439592 3
62  63 5.963972107 2
63  64 3.878680720 3
64  65 4.021672478 3
65  66 4.312340881 3
66  67 6.128569652 2
67  68 2.509607210 3
68  69 4.977882799 2
69  70 5.011814840 2
70  71 4.775246001 2
71  72 4.317596985 2
72  73 4.121224345 2
73  74 3.028108184 3
74  75 6.464908809 1
75  76 2.384343479 3
76  77 3.813524551 2
77  78 3.850498445 2
78  79 3.893463704 2
79  80 3.956357914 2
80  81 1.653686142 5
81  82 1.775349543 5
82  83 1.786445529 5
83  84 2.263060855 4
84  85 1.740839514 5
85  86 1.465305715 5
86  87 3.902360683 5
87  88 2.996821232 3
88  89 3.145106070 3
89  90 4.926208778 2
90  91 5.788258865 2
91  92 4.124043165 3
92  93 4.319163879 3
93  94 4.250413811 3
94  95 4.161782507 3
95  96 4.023671446 3
96  97 3.940032434 3
97  98 3.944893599 3
98  99 3.918437913 3
99  100 3.936303572 3
100  101 3.989678133 3
101  102 3.925135542 3
102  103 5.805973352 2
103  104 5.695188995 2
104  105 3.794969537 3
105  106 3.852555635 3
106  107 5.971930820 2
107  108 5.703642896 2
108  109 2.548436810 3
109  110 4.671065702 2
110  111 8.560658929 1
111  112 3.556588099 3
112  113 3.901151178 3
113  114 4.599280998 3
114  115 4.144993574 3
115  116 6.140509850 2
116  117 3.755451215 3
117  118 3.701606017 3
118  119 5.701636067 2
119  120 4.015997886 3
120  121 4.269381091 3
121  122 4.389010859 3
122  123 4.495919572 3
123  124 6.713109422 2
124  125 4.297196049 3
125  320 4.203311909 3
127  128 3.806938163 3
128  129 3.243101554 3
129  130 8.497276090 1
130  131 3.317413416 3
131  132 2.422036628 3
132  133 2.917211582 3
133  134 4.481169346 3
134  135 2.895937458 3
135  136 2.509202105 3
136  137 2.643624615 3
137  138 2.658845128 3
138  139 2.943396732 3
139  140 4.450148269 3
140  141 2.864226028 3
141  142 1.741793677 4
142  143 2.445498263 4
143  144 4.277978432 2
144  145 8.447513964 1
145  146 3.739201691 2
146  147 3.801563934 2
147  148 4.068620614 2
148  149 4.113089523 2
149  150 4.539284514 2
150  151 6.908451551 2
151  152 4.486185320 2
152  153 4.262169659 2
153  154 6.044111655 2
154  155 11.551842046 1
155  156 5.336393398 2
156  157 5.381952913 2
157  158 5.321524082 2
158  159 10.541153425 1
160  161 0.000000000 2
161  50 3.898295053 2
159  162 10.288144336 1
162  163 10.360781177 1
163  164 10.600697849 1
164  165 10.952350519 1
165  166 5.682226726 2
166  167 5.557579697 2
167  168 5.852342303 2
168  169 5.850231273 2
169  170 5.842404203 2
170  171 5.818523879 2
171  172 5.975619028 2
172  173 6.116411133 2
173  174 6.309608905 2
174  175 6.368579126 2
175  176 5.239256561 2
176  177 4.447835972 1
177  178 6.351837853 1
178  179 3.318683591 2
179  180 5.495929514 2
180  181 13.072802879 1
181  182 6.367202284 2
182  183 3.877721995 2
183  184 3.196794857 2
184  185 8.685388205 1
185  186 7.614242872 1
186  187 3.244826754 2
187  188 6.197264278 2
188  189 6.663912776 2
189  190 6.510890497 2
190  191 6.367559608 2
191  192 6.216683929 2
192  193 5.905606450 2
193  194 5.780491540 2
194  195 5.755898561 2
195  196 5.601597486 2
196  197 5.719969024 2
197  160 11.439938048 1
57  198 9.283191685 1
199  27 4.711352805 2
198  200 11.712160266 1
200  201 11.661757646 1
201  202 12.203010430 1
202  203 8.347469277 1
203  204 7.972438342 1
204  205 8.225777074 1
205  206 7.976279419 1
206  207 6.844239804 1
207  208 8.113008969 1
208  209 12.546245113 1
209  210 13.499620141 1
210  211 8.552276887 1
211  212 5.763461028 1
212  213 8.164429185 1
213  214 8.772384225 1
214  215 9.099386836 1
215  216 8.433594563 1
216  217 7.404751591 1
217  218 9.070022574 1
218  219 7.700063131 1
219  220 3.607432310 2
220  221 6.224412942 1
221  222 5.105874165 2
222  223 11.162201747 1
223  224 5.292425253 2
224  225 5.824706415 2
225  226 11.292476328 1
226  227 3.834884871 2
227  228 4.553556568 2
228  199 4.553556568 2
41  229 9.796778747 1
229  165 9.754426314 1
175  230 10.098601938 1
230  231 4.951620386 1
231  232 10.816799304 1
232  233 11.868182756 1
233  234 13.328678285 1
234  235 12.008217278 1
235  236 12.902367016 1
236  237 12.045408701 1
237  238 4.904156449 1
238  239 8.084206109 1
239  240 7.950721048 1
240  241 9.206924687 1
241  242 12.821557693 1
242  243 6.956922681 2
243  244 7.546263721 2
244  245 7.638201012 2
245  246 8.007017039 2
246  247 7.544559083 2
247  248 14.333874708 1
248  250 13.324169930 1
250  251 12.968253155 1
251  252 12.691148938 1
252  253 13.348213865 1
253  254 13.489422574 1
254  255 13.756850891 1
255  256 13.660543556 1
256  257 12.824436214 1
257  258 12.447360680 1
258  259 11.909945542 1
259  260 12.121522042 1
260  261 13.124449676 1
261  262 13.704270601 1
262  263 13.996276002 1
263  264 13.654177548 1
264  265 13.679373915 1
265  266 13.633141476 1
266  267 8.735425718 1
267  268 8.629394013 1
268  269 5.178163264 1
269  86 5.178163264 1
143  270 0.000000000 2
270  271 4.892276450 2
272  80 4.215056748 2
271  273 2.843333131 3
273  274 2.462744250 3
274  272 3.694116374 2
86  275 4.320458895 2
275  276 4.250674183 2
276  277 6.364395131 1
277  278 7.951178182 1
278  279 12.930001464 1
279  280 13.212291613 1
280  281 12.889894286 1
281  282 12.793548016 1
282  283 12.634032576 1
283  284 12.499308263 1
284  285 12.266077964 1
285  286 11.934953028 1
286  287 10.895069619 1
287  288 10.606179594 1
288  289 10.526183694 1
289  290 11.291892635 1
290  291 11.857084421 1
291  292 12.361621631 1
292  293 12.373714674 1
293  294 12.871816845 1
294  295 12.433449664 1
295  296 7.528121380 1
296  297 7.077694420 1
297  298 11.533356087 1
298  299 11.974836488 1
299  300 12.679081001 1
300  301 13.463051791 1
301  302 13.470622734 1
302  303 13.450357772 1
303  304 13.147163643 1
304  305 13.252734207 1
305  306 11.947119818 1
306  307 7.074573937 1
307  308 7.201389936 1
308  309 7.987235710 1
309  310 5.928783361 1
310  311 10.999269348 1
311  312 13.322545504 1
312  313 12.105640039 1
313  314 11.728822673 1
314  315 11.317111938 1
315  316 10.421961864 1
76  317 8.528928849 1
317  318 11.046744816 1
87  319 11.405818086 1
320  127 4.107399875 5
319  321 11.810545845 1
321  322 12.353157872 1
322  323 12.818481684 1
323  324 12.853780174 1
324  325 13.275431024 1
325  326 11.821976226 1
326  320 11.821976226 1
128  327 5.527517660 2
328  329 0.000000000 1
329  271 4.963696653 1
327  330 6.099248328 2
330  331 13.523173315 1
331  332 7.089656272 2
332  333 7.303063591 2
333  334 14.480324095 1
334  335 7.051443402 2
335  336 6.975945436 2
336  337 12.354063500 1
337  338 3.638620116 2
219  340 7.542748010 1
340  341 8.649782917 1
341  342 7.015047513 1
342  343 10.428207946 1
343  344 11.942837059 1
344  345 11.634944343 1
345  346 8.326320101 1
346  347 7.755833434 1
347  348 7.969720968 1
348  349 7.968432748 1
349  350 12.272398456 1
350  351 12.719596704 1
351  352 8.295778157 1
352  353 7.493842462 1
353  354 1.440035113 1
354  355 9.089909477 1
355  356 7.094591660 1
356  357 7.860324851 1
357  358 8.550224594 1
358  359 8.427341446 1
359  360 8.133046757 1
360  361 8.032622094 1
361  328 8.032622094 1
110  362 10.785805604 1
363  112 9.620339376 1
362  364 11.312167823 1
364  365 12.335980368 1
365  366 13.037972562 1
366  367 14.107521358 1
367  368 15.104298267 1
368  369 16.342188793 1
369  370 17.075288761 1
370  371 17.577950412 1
371  372 17.970153215 1
372  373 17.764664321 1
373  374 17.668954490 1
374  375 17.397509916 1
375  376 17.436733945 1
376  377 17.338089175 1
377  378 17.151469196 1
378  379 16.577789628 1
379  380 16.212691312 1
380  381 15.583687347 1
381  382 14.877425954 1
382  383 14.165313901 1
383  384 13.875903330 1
384  385 12.307326630 1
385  386 7.417078744 1
386  387 9.644742666 1
387  388 9.198282783 1
388  389 7.160835067 1
389  390 9.232302994 1
390  391 8.411872239 1
391  392 8.455027580 1
392  393 9.324972850 1
393  394 7.152262170 1
394  395 6.822774624 1
395  396 8.736937227 1
396  397 7.374574707 1
397  398 6.658841609 1
398  399 7.843249436 1
399  400 8.358535593 1
400  401 8.703421681 1
401  402 9.474634958 1
402  403 11.714313198 1
403  404 12.154949784 1
404  405 8.694675908 1
405  406 8.609167010 1
406  407 8.770820732 1
407  408 7.934490239 1
408  409 4.602008642 1
409  410 8.459637718 1
410  411 9.250668231 1
411  412 10.361937825 1
412  413 11.756069059 1
413  414 12.866762587 1
414  415 14.041753622 1
415  416 15.603748075 1
416  417 16.306418215 1
417  418 16.954316403 1
418  419 17.136675506 1
419  420 17.046621425 1
420  421 16.824882352 1
421  422 16.508099622 1
422  423 16.228002596 1
423  424 16.152362057 1
424  425 16.131543221 1
425  426 16.224664866 1
426  427 16.146514876 1
427  428 16.230793120 1
428  429 16.054095732 1
429  430 15.871369624 1
430  431 15.346364270 1
431  432 14.085949130 1
432  433 12.601395701 1
433  363 12.601395701 1
338  219 21.627688461 1
199  434 6.378975153 1
435  436 0.000000000 1
436  130 12.495533411 1
434  437 7.896303482 1
437  438 12.545522147 1
438  439 13.976586026 1
439  440 14.223868975 1
440  441 14.617482337 1
441  442 14.732640134 1
442  443 14.840507784 1
443  444 14.220611584 1
444  445 14.107132675 1
445  446 14.054736233 1
446  447 14.461174435 1
447  448 14.773131604 1
448  449 14.901956097 1
449  450 14.592994859 1
450  451 14.009309295 1
451  435 14.009309295 1
80  452 0.000000000 1
452  453 10.116695933 1
453  454 5.073268033 1
454  455 7.453054594 1
455  456 7.423598138 1
456  457 7.332021926 1
457  458 6.878271331 1
458  459 5.389045141 1
83  460 0.000000000 1
460  141 6.739428310 1
153  461 6.630273674 1
462  463 0.000000000 1
463  57 11.466863044 1
461  464 7.856260334 1
464  465 11.279902968 1
465  466 11.059259358 1
466  467 10.229064446 1
467  462 10.229064446 1
68  468 8.003893630 1
468  469 9.518606232 1
469  470 6.469946384 1
470  471 6.036963569 1
471  472 9.150338115 1
472  473 9.176455991 1
473  474 9.273534941 1
474  475 7.551123338 1
475  476 12.092469864 1
476  477 12.632516681 1
477  478 12.292505956 1
478  479 12.273911654 1
479  480 12.584322368 1
480  481 12.949879579 1
481  482 13.364034048 1
482  483 13.716251415 1
483  484 14.046661750 1
484  485 14.458069121 1
485  486 14.528275391 1
486  487 14.684511686 1
487  488 14.647258265 1
488  489 14.514267418 1
489  490 14.413341278 1
490  491 14.429970458 1
491  492 14.375153838 1
492  493 14.174505539 1
493  494 14.003333580 1
494  495 13.701897470 1
495  496 13.619475830 1
496  497 13.656450994 1
497  498 13.791025126 1
498  499 13.382699623 1
499  500 13.121687648 1
500  501 13.066551461 1
501  502 13.146804539 1
502  503 12.979167557 1
503  504 13.343951849 1
504  505 13.522518536 1
505  506 13.925444705 1
506  507 14.366219363 1
507  508 14.757496254 1
508  509 15.510419886 1
509  510 15.893139101 1
510  511 16.486353221 1
511  512 16.871154690 1
512  513 17.501919705 1
513  514 17.769701218 1
514  515 17.825023614 1
515  516 17.634199961 1
516  517 17.314462153 1
517  518 17.107987294 1
518  519 16.705263155 1
519  520 16.218886313 1
520  521 15.161023638 1
521  522 13.512181382 1
522  523 11.404198753 1
523  524 8.780912174 1
524  525 8.146104785 1
525  526 8.270433393 1
526  527 7.243569185 1
527  528 12.331454045 1
528  529 13.535060188 1
529  530 13.437858850 1
530  531 13.827078789 1
531  532 13.524414242 1
532  533 13.713907763 1
533  534 13.361370540 1
534  535 12.530482162 1
535  536 12.420003530 1
536  537 11.592600225 1
537  538 5.627645863 1
538  539 7.604767378 1
539  540 8.723683801 1
540  541 8.862196678 1
541  542 9.157280396 1
542  543 8.549434474 1
543  544 8.612822188 1
544  545 8.750352258 1
545  546 8.740674316 1
546  547 8.284990858 1
547  548 7.933739220 1
548  549 4.643123095 1
549  550 8.684818099 1
550  551 9.353087825 1
551  552 8.966209772 1
552  553 6.557698644 1
553  554 10.506461437 1
554  555 11.086072896 1
555  556 11.042244814 1
556  557 10.855065993 1
557  558 10.769070265 1
558  559 11.322815116 1
559  560 11.721645766 1
560  561 7.895958436 1
561  562 6.924889430 1
562  563 10.614608874 1
563  564 6.480822180 1
564  565 9.842295938 1
565  566 8.124512548 1
566  567 8.661982768 1
567  568 9.144498251 1
568  569 8.087688837 1
569  570 5.760674720 1
570  571 7.314372633 1
571  572 7.822372543 1
572  573 7.912856731 1
573  574 8.529000084 1
574  575 9.056839939 1
575  576 9.481296239 1
576  577 8.593564384 1
